100
1 33
4 8 10 15 70
2 55 74
3 26 98 99
5 26 57 63 66 87
2 31 95
1 43
0
2 22 50
0
2 3 62
4 29 57 60 96
1 87
3 10 55 88
3 49 51 72
4 28 55 86 91
2 34 53
1 12
6 6 22 24 49 68 78
4 2 36 44 98
5 9 54 74 79 89
5 1 21 60 61 78
4 29 64 77 84
5 42 53 58 67 73
2 31 63
3 36 50 76
1 15
3 12 49 88
5 16 22 36 75 85
3 5 50 62
4 14 43 72 92
2 27 66
2 49 55
2 28 32
5 10 57 75 83 94
2 51 66
2 16 22
3 59 69 71
4 29 40 49 88
4 16 19 21 61
1 94
4 24 33 41 55
5 16 32 47 54 69
2 11 37
2 5 77
0
2 23 73
3 11 54 93
2 35 36
4 5 32 35 91
3 17 18 72
5 5 15 51 65 71
3 35 78 98
0
5 22 42 59 61 63
3 46 82 83
4 3 49 62 100
0
1 43
4 12 70 84 97
2 25 91
2 7 86
1 39
5 9 55 78 80 92
7 11 28 39 42 47 58 88
3 82 93 96
4 52 60 66 80
7 37 38 54 63 65 76 80
1 84
5 11 23 43 82 92
3 5 53 64
5 4 26 61 68 81
3 3 32 44
5 3 36 70 81 83
0
5 39 51 64 71 88
4 1 36 81 89
2 8 88
6 28 50 57 61 65 78
2 20 53
2 30 59
0
6 13 14 32 61 67 88
3 6 28 52
0
5 2 8 25 49 57
3 48 58 66
3 26 29 34
3 1 7 33
0
5 15 44 75 77 84
1 73
5 9 11 32 38 40
2 27 81
5 1 27 41 55 94
3 36 47 98
4 19 30 35 63
2 4 15
5 2 3 22 56 89
7 28 44 48 66 67 94 99
